5.267696372914476566e-02
4.497774845393514020e-01
5.142468849504124861e-01
7.077725910597684189e-01
3.174529538230130843e-02
4.155049387208626932e-01
8.150524448699039137e-01
5.987640084480554403e-01
1.892631486234311877e-01
5.083312760115232809e-01
9.781973164297573797e-01
4.253549219379320068e-01
8.277297749802514648e-02
8.275954384311965395e-01
9.548877097828314398e-01
7.103264749292312885e-01
2.251219003826356868e-01
6.320523818469599986e-01
7.098244705828545831e-01
9.157993287408379146e-01
5.401071378547230850e-01
7.996610043217236008e-01
4.409897422242166076e-01
5.168592901883883872e-02
3.098963185185787950e-01
4.000967604785610199e-01
5.936684264913232312e-01
5.377203523925323525e-01
7.835166807788328525e-01
8.313313928545971176e-01
9.394644769279545393e-01
3.631957300691793789e-01
8.232994043193051503e-01
8.550966297980497899e-01
9.424804694086108547e-02
6.550044929878814370e-01
3.819182085439175589e-01
9.786571402025169286e-01
6.813284243295905096e-01
6.587424848123277776e-01
8.408171811093972936e-01
2.075946035519784516e-01
5.409315432224967024e-01
7.286038892584651983e-01
3.194003558395619446e-01
3.073881306850795303e-01
2.176236699176481437e-02
2.217541282077711839e-01
4.853360434874310902e-01
8.992151303914404092e-01
4.553991200535828510e-01
1.199950866908191527e-01
6.268166359359179651e-01
5.094367255499362424e-01
4.810890918734858079e-01
4.561623330375450536e-01
8.794571836790273656e-01
5.159131022856574544e-01
1.083323908246477396e-01
6.847456786924275285e-01
4.370762861073675953e-01
3.250317445722151755e-01
4.426665502284761189e-01
6.654981018024715977e-01
1.776151445026766806e-01
6.140041931167683487e-01
4.098412133400946011e-01
3.576502264759756633e-01
8.398922276535444320e-01
7.007475922086523479e-01
7.051066673268800988e-01
5.621047763298555600e-01
8.167885991220491526e-02
3.216430474504229364e-01
3.620459619062825762e-01
2.428884726707505326e-01
9.353106689280090702e-01
6.114780769580403508e-01
7.663761300356386474e-02
1.913163701859168508e-01
2.856935432317163626e-01
8.908062364557342017e-01
3.260344331170249577e-01
5.147436927744908353e-01
4.275789803647784826e-01
1.163949631530954987e-01
5.361448626559270902e-01
4.031573544491279248e-01
4.239693731566340773e-02
4.305489733691832965e-01
1.254257834723998544e-01
9.021374688204719661e-02
6.559975185747501936e-02
2.625256664573949461e-02
3.479409268350464046e-02
5.663555268633070350e-01
2.492041587294026028e-01
9.026968524135073890e-01
8.378436806109605950e-01
4.535285999310645355e-01
